0 1 1472 10000000000
1 1 1472 146520
2 1 1472 146520
3 1 1472 146520
4 1 1472 146520
5 1 1472 146520
6 1 1472 146520
7 1 1472 146520
8 1 1472 146520
9 1 1472 146520
10 1 1472 146520
11 1 1472 146520
12 1 1472 146520
13 1 1472 146520
14 1 1472 146520
15 1 1472 146520
16 1 1472 146520
17 1 1472 146520
18 1 1472 146520
19 1 1472 146520
20 1 1472 10000000000
21 1 1472 72520
22 1 1472 72520
23 1 1472 72520
24 1 1472 72520
25 1 1472 72520
26 1 1472 72520
27 1 1472 72520
28 1 1472 72520
29 1 1472 72520
30 1 1472 72520
31 1 1472 72520
32 1 1472 72520
33 1 1472 72520
34 1 1472 72520
35 1 1472 72520
36 1 1472 72520
37 1 1472 72520
38 1 1472 72520
39 1 1472 72520
40 1 1472 10000000000
41 1 1472 47852
42 1 1472 47852
43 1 1472 47852
44 1 1472 47852
45 1 1472 47852
46 1 1472 47852
47 1 1472 47852
48 1 1472 47852
49 1 1472 47852
50 1 1472 47852
51 1 1472 47852
52 1 1472 47852
53 1 1472 47852
54 1 1472 47852
55 1 1472 47852
56 1 1472 47852
57 1 1472 47852
58 1 1472 47852
59 1 1472 47852
60 1 1472 10000000000
61 1 1472 35520
62 1 1472 35520
63 1 1472 35520
64 1 1472 35520
65 1 1472 35520
66 1 1472 35520
67 1 1472 35520
68 1 1472 35520
69 1 1472 35520
70 1 1472 35520
71 1 1472 35520
72 1 1472 35520
73 1 1472 35520
74 1 1472 35520
75 1 1472 35520
76 1 1472 35520
77 1 1472 35520
78 1 1472 35520
79 1 1472 35520
80 1 1472 10000000000
81 1 1472 28120
82 1 1472 28120
83 1 1472 28120
84 1 1472 28120
85 1 1472 28120
86 1 1472 28120
87 1 1472 28120
88 1 1472 28120
89 1 1472 28120
90 1 1472 28120
91 1 1472 28120
92 1 1472 28120
93 1 1472 28120
94 1 1472 28120
95 1 1472 28120
96 1 1472 28120
97 1 1472 28120
98 1 1472 28120
99 1 1472 28120
100 1 1472 10000000000
101 1 1472 23184
102 1 1472 23184
103 1 1472 23184
104 1 1472 23184
105 1 1472 23184
106 1 1472 23184
107 1 1472 23184
108 1 1472 23184
109 1 1472 23184
110 1 1472 23184
111 1 1472 23184
112 1 1472 23184
113 1 1472 23184
114 1 1472 23184
115 1 1472 23184
116 1 1472 23184
117 1 1472 23184
118 1 1472 23184
119 1 1472 23184
120 1 1472 10000000000
121 1 1472 19660
122 1 1472 19660
123 1 1472 19660
124 1 1472 19660
125 1 1472 19660
126 1 1472 19660
127 1 1472 19660
128 1 1472 19660
129 1 1472 19660
130 1 1472 19660
131 1 1472 19660
132 1 1472 19660
133 1 1472 19660
134 1 1472 19660
135 1 1472 19660
136 1 1472 19660
137 1 1472 19660
138 1 1472 19660
139 1 1472 19660
140 1 1472 10000000000
141 1 1472 17020
142 1 1472 17020
143 1 1472 17020
144 1 1472 17020
145 1 1472 17020
146 1 1472 17020
147 1 1472 17020
148 1 1472 17020
149 1 1472 17020
150 1 1472 17020
151 1 1472 17020
152 1 1472 17020
153 1 1472 17020
154 1 1472 17020
155 1 1472 17020
156 1 1472 17020
157 1 1472 17020
158 1 1472 17020
159 1 1472 17020
160 1 1472 10000000000
161 1 1472 14964
162 1 1472 14964
163 1 1472 14964
164 1 1472 14964
165 1 1472 14964
166 1 1472 14964
167 1 1472 14964
168 1 1472 14964
169 1 1472 14964
170 1 1472 14964
171 1 1472 14964
172 1 1472 14964
173 1 1472 14964
174 1 1472 14964
175 1 1472 14964
176 1 1472 14964
177 1 1472 14964
178 1 1472 14964
179 1 1472 14964
180 1 1472 10000000000
181 1 1472 13320
182 1 1472 13320
183 1 1472 13320
184 1 1472 13320
185 1 1472 13320
186 1 1472 13320
187 1 1472 13320
188 1 1472 13320
189 1 1472 13320
190 1 1472 13320
191 1 1472 13320
192 1 1472 13320
193 1 1472 13320
194 1 1472 13320
195 1 1472 13320
196 1 1472 13320
197 1 1472 13320
198 1 1472 13320
199 1 1472 13320
200 1 1472 10000000000
201 1 1472 11972
202 1 1472 11972
203 1 1472 11972
204 1 1472 11972
205 1 1472 11972
206 1 1472 11972
207 1 1472 11972
208 1 1472 11972
209 1 1472 11972
210 1 1472 11972
211 1 1472 11972
212 1 1472 11972
213 1 1472 11972
214 1 1472 11972
215 1 1472 11972
216 1 1472 11972
217 1 1472 11972
218 1 1472 11972
219 1 1472 11972
220 1 1472 10000000000
221 1 1472 10852
222 1 1472 10852
223 1 1472 10852
224 1 1472 10852
225 1 1472 10852
226 1 1472 10852
227 1 1472 10852
228 1 1472 10852
229 1 1472 10852
230 1 1472 10852
231 1 1472 10852
232 1 1472 10852
233 1 1472 10852
234 1 1472 10852
235 1 1472 10852
236 1 1472 10852
237 1 1472 10852
238 1 1472 10852
239 1 1472 10852
240 1 1472 10000000000
241 1 1472 9904
242 1 1472 9904
243 1 1472 9904
244 1 1472 9904
245 1 1472 9904
246 1 1472 9904
247 1 1472 9904
248 1 1472 9904
249 1 1472 9904
250 1 1472 9904
251 1 1472 9904
252 1 1472 9904
253 1 1472 9904
254 1 1472 9904
255 1 1472 9904
256 1 1472 9904
257 1 1472 9904
258 1 1472 9904
259 1 1472 9904
260 1 1472 10000000000
261 1 1472 9088
262 1 1472 9088
263 1 1472 9088
264 1 1472 9088
265 1 1472 9088
266 1 1472 9088
267 1 1472 9088
268 1 1472 9088
269 1 1472 9088
270 1 1472 9088
271 1 1472 9088
272 1 1472 9088
273 1 1472 9088
274 1 1472 9088
275 1 1472 9088
276 1 1472 9088
277 1 1472 9088
278 1 1472 9088
279 1 1472 9088
280 1 1472 10000000000
281 1 1472 8384
282 1 1472 8384
283 1 1472 8384
284 1 1472 8384
285 1 1472 8384
286 1 1472 8384
287 1 1472 8384
288 1 1472 8384
289 1 1472 8384
290 1 1472 8384
291 1 1472 8384
292 1 1472 8384
293 1 1472 8384
294 1 1472 8384
295 1 1472 8384
296 1 1472 8384
297 1 1472 8384
298 1 1472 8384
299 1 1472 8384
300 1 1472 10000000000
301 1 1472 7768
302 1 1472 7768
303 1 1472 7768
304 1 1472 7768
305 1 1472 7768
306 1 1472 7768
307 1 1472 7768
308 1 1472 7768
309 1 1472 7768
310 1 1472 7768
311 1 1472 7768
312 1 1472 7768
313 1 1472 7768
314 1 1472 7768
315 1 1472 7768
316 1 1472 7768
317 1 1472 7768
318 1 1472 7768
319 1 1472 7768
320 1 1472 10000000000
321 1 1472 7224
322 1 1472 7224
323 1 1472 7224
324 1 1472 7224
325 1 1472 7224
326 1 1472 7224
327 1 1472 7224
328 1 1472 7224
329 1 1472 7224
330 1 1472 7224
331 1 1472 7224
332 1 1472 7224
333 1 1472 7224
334 1 1472 7224
335 1 1472 7224
336 1 1472 7224
337 1 1472 7224
338 1 1472 7224
339 1 1472 7224
340 1 1472 10000000000
341 1 1472 6740
342 1 1472 6740
343 1 1472 6740
344 1 1472 6740
345 1 1472 6740
346 1 1472 6740
347 1 1472 6740
348 1 1472 6740
349 1 1472 6740
350 1 1472 6740
351 1 1472 6740
352 1 1472 6740
353 1 1472 6740
354 1 1472 6740
355 1 1472 6740
356 1 1472 6740
357 1 1472 6740
358 1 1472 6740
359 1 1472 6740
360 1 1472 10000000000
361 1 1472 6308
362 1 1472 6308
363 1 1472 6308
364 1 1472 6308
365 1 1472 6308
366 1 1472 6308
367 1 1472 6308
368 1 1472 6308
369 1 1472 6308
370 1 1472 6308
371 1 1472 6308
372 1 1472 6308
373 1 1472 6308
374 1 1472 6308
375 1 1472 6308
376 1 1472 6308
377 1 1472 6308
378 1 1472 6308
379 1 1472 6308
380 1 1472 10000000000
381 1 1472 5916
382 1 1472 5916
383 1 1472 5916
384 1 1472 5916
385 1 1472 5916
386 1 1472 5916
387 1 1472 5916
388 1 1472 5916
389 1 1472 5916
390 1 1472 5916
391 1 1472 5916
392 1 1472 5916
393 1 1472 5916
394 1 1472 5916
395 1 1472 5916
396 1 1472 5916
397 1 1472 5916
398 1 1472 5916
399 1 1472 5916
400 1 1472 10000000000
401 1 1472 5564
402 1 1472 5564
403 1 1472 5564
404 1 1472 5564
405 1 1472 5564
406 1 1472 5564
407 1 1472 5564
408 1 1472 5564
409 1 1472 5564
410 1 1472 5564
411 1 1472 5564
412 1 1472 5564
413 1 1472 5564
414 1 1472 5564
415 1 1472 5564
416 1 1472 5564
417 1 1472 5564
418 1 1472 5564
419 1 1472 5564
420 1 1472 10000000000
421 1 1472 5244
422 1 1472 5244
423 1 1472 5244
424 1 1472 5244
425 1 1472 5244
426 1 1472 5244
427 1 1472 5244
428 1 1472 5244
429 1 1472 5244
430 1 1472 5244
431 1 1472 5244
432 1 1472 5244
433 1 1472 5244
434 1 1472 5244
435 1 1472 5244
436 1 1472 5244
437 1 1472 5244
438 1 1472 5244
439 1 1472 5244
440 1 1472 10000000000
441 1 1472 4952
442 1 1472 4952
443 1 1472 4952
444 1 1472 4952
445 1 1472 4952
446 1 1472 4952
447 1 1472 4952
448 1 1472 4952
449 1 1472 4952
450 1 1472 4952
451 1 1472 4952
452 1 1472 4952
453 1 1472 4952
454 1 1472 4952
455 1 1472 4952
456 1 1472 4952
457 1 1472 4952
458 1 1472 4952
459 1 1472 4952
460 1 1472 10000000000
461 1 1472 4684
462 1 1472 4684
463 1 1472 4684
464 1 1472 4684
465 1 1472 4684
466 1 1472 4684
467 1 1472 4684
468 1 1472 4684
469 1 1472 4684
470 1 1472 4684
471 1 1472 4684
472 1 1472 4684
473 1 1472 4684
474 1 1472 4684
475 1 1472 4684
476 1 1472 4684
477 1 1472 4684
478 1 1472 4684
479 1 1472 4684
480 1 1472 10000000000
481 1 1472 4436
482 1 1472 4436
483 1 1472 4436
484 1 1472 4436
485 1 1472 4436
486 1 1472 4436
487 1 1472 4436
488 1 1472 4436
489 1 1472 4436
490 1 1472 4436
491 1 1472 4436
492 1 1472 4436
493 1 1472 4436
494 1 1472 4436
495 1 1472 4436
496 1 1472 4436
497 1 1472 4436
498 1 1472 4436
499 1 1472 4436
500 1 1472 10000000000
501 1 1472 4212
502 1 1472 4212
503 1 1472 4212
504 1 1472 4212
505 1 1472 4212
506 1 1472 4212
507 1 1472 4212
508 1 1472 4212
509 1 1472 4212
510 1 1472 4212
511 1 1472 4212
512 1 1472 4212
513 1 1472 4212
514 1 1472 4212
515 1 1472 4212
516 1 1472 4212
517 1 1472 4212
518 1 1472 4212
519 1 1472 4212
520 1 1472 10000000000
521 1 1472 4000
522 1 1472 4000
523 1 1472 4000
524 1 1472 4000
525 1 1472 4000
526 1 1472 4000
527 1 1472 4000
528 1 1472 4000
529 1 1472 4000
530 1 1472 4000
531 1 1472 4000
532 1 1472 4000
533 1 1472 4000
534 1 1472 4000
535 1 1472 4000
536 1 1472 4000
537 1 1472 4000
538 1 1472 4000
539 1 1472 4000
540 1 1472 10000000000
541 1 1472 3804
542 1 1472 3804
543 1 1472 3804
544 1 1472 3804
545 1 1472 3804
546 1 1472 3804
547 1 1472 3804
548 1 1472 3804
549 1 1472 3804
550 1 1472 3804
551 1 1472 3804
552 1 1472 3804
553 1 1472 3804
554 1 1472 3804
555 1 1472 3804
556 1 1472 3804
557 1 1472 3804
558 1 1472 3804
559 1 1472 3804
560 1 1472 10000000000
561 1 1472 3620
562 1 1472 3620
563 1 1472 3620
564 1 1472 3620
565 1 1472 3620
566 1 1472 3620
567 1 1472 3620
568 1 1472 3620
569 1 1472 3620
570 1 1472 3620
571 1 1472 3620
572 1 1472 3620
573 1 1472 3620
574 1 1472 3620
575 1 1472 3620
576 1 1472 3620
577 1 1472 3620
578 1 1472 3620
579 1 1472 3620
580 1 1472 10000000000
581 1 1472 3452
582 1 1472 3452
583 1 1472 3452
584 1 1472 3452
585 1 1472 3452
586 1 1472 3452
587 1 1472 3452
588 1 1472 3452
589 1 1472 3452
590 1 1472 3452
591 1 1472 3452
592 1 1472 3452
593 1 1472 3452
594 1 1472 3452
595 1 1472 3452
596 1 1472 3452
597 1 1472 3452
598 1 1472 3452
599 1 1472 3452
600 1 1472 10000000000
601 1 1472 3292
602 1 1472 3292
603 1 1472 3292
604 1 1472 3292
605 1 1472 3292
606 1 1472 3292
607 1 1472 3292
608 1 1472 3292
609 1 1472 3292
610 1 1472 3292
611 1 1472 3292
612 1 1472 3292
613 1 1472 3292
614 1 1472 3292
615 1 1472 3292
616 1 1472 3292
617 1 1472 3292
618 1 1472 3292
619 1 1472 3292
620 1 1472 10000000000
621 1 1472 3144
622 1 1472 3144
623 1 1472 3144
624 1 1472 3144
625 1 1472 3144
626 1 1472 3144
627 1 1472 3144
628 1 1472 3144
629 1 1472 3144
630 1 1472 3144
631 1 1472 3144
632 1 1472 3144
633 1 1472 3144
634 1 1472 3144
635 1 1472 3144
636 1 1472 3144
637 1 1472 3144
638 1 1472 3144
639 1 1472 3144
640 1 1472 10000000000
641 1 1472 3004
642 1 1472 3004
643 1 1472 3004
644 1 1472 3004
645 1 1472 3004
646 1 1472 3004
647 1 1472 3004
648 1 1472 3004
649 1 1472 3004
650 1 1472 3004
651 1 1472 3004
652 1 1472 3004
653 1 1472 3004
654 1 1472 3004
655 1 1472 3004
656 1 1472 3004
657 1 1472 3004
658 1 1472 3004
659 1 1472 3004
660 1 1472 10000000000
661 1 1472 2872
662 1 1472 2872
663 1 1472 2872
664 1 1472 2872
665 1 1472 2872
666 1 1472 2872
667 1 1472 2872
668 1 1472 2872
669 1 1472 2872
670 1 1472 2872
671 1 1472 2872
672 1 1472 2872
673 1 1472 2872
674 1 1472 2872
675 1 1472 2872
676 1 1472 2872
677 1 1472 2872
678 1 1472 2872
679 1 1472 2872
680 1 1472 10000000000
681 1 1472 2748
682 1 1472 2748
683 1 1472 2748
684 1 1472 2748
685 1 1472 2748
686 1 1472 2748
687 1 1472 2748
688 1 1472 2748
689 1 1472 2748
690 1 1472 2748
691 1 1472 2748
692 1 1472 2748
693 1 1472 2748
694 1 1472 2748
695 1 1472 2748
696 1 1472 2748
697 1 1472 2748
698 1 1472 2748
699 1 1472 2748
700 1 1472 10000000000
701 1 1472 2628
702 1 1472 2628
703 1 1472 2628
704 1 1472 2628
705 1 1472 2628
706 1 1472 2628
707 1 1472 2628
708 1 1472 2628
709 1 1472 2628
710 1 1472 2628
711 1 1472 2628
712 1 1472 2628
713 1 1472 2628
714 1 1472 2628
715 1 1472 2628
716 1 1472 2628
717 1 1472 2628
718 1 1472 2628
719 1 1472 2628
720 1 1472 10000000000
721 1 1472 2516
722 1 1472 2516
723 1 1472 2516
724 1 1472 2516
725 1 1472 2516
726 1 1472 2516
727 1 1472 2516
728 1 1472 2516
729 1 1472 2516
730 1 1472 2516
731 1 1472 2516
732 1 1472 2516
733 1 1472 2516
734 1 1472 2516
735 1 1472 2516
736 1 1472 2516
737 1 1472 2516
738 1 1472 2516
739 1 1472 2516
740 1 1472 10000000000
741 1 1472 2412
742 1 1472 2412
743 1 1472 2412
744 1 1472 2412
745 1 1472 2412
746 1 1472 2412
747 1 1472 2412
748 1 1472 2412
749 1 1472 2412
750 1 1472 2412
751 1 1472 2412
752 1 1472 2412
753 1 1472 2412
754 1 1472 2412
755 1 1472 2412
756 1 1472 2412
757 1 1472 2412
758 1 1472 2412
759 1 1472 2412
760 1 1472 10000000000
761 1 1472 2312
762 1 1472 2312
763 1 1472 2312
764 1 1472 2312
765 1 1472 2312
766 1 1472 2312
767 1 1472 2312
768 1 1472 2312
769 1 1472 2312
770 1 1472 2312
771 1 1472 2312
772 1 1472 2312
773 1 1472 2312
774 1 1472 2312
775 1 1472 2312
776 1 1472 2312
777 1 1472 2312
778 1 1472 2312
779 1 1472 2312
780 1 1472 10000000000
781 1 1472 2216
782 1 1472 2216
783 1 1472 2216
784 1 1472 2216
785 1 1472 2216
786 1 1472 2216
787 1 1472 2216
788 1 1472 2216
789 1 1472 2216
790 1 1472 2216
791 1 1472 2216
792 1 1472 2216
793 1 1472 2216
794 1 1472 2216
795 1 1472 2216
796 1 1472 2216
797 1 1472 2216
798 1 1472 2216
799 1 1472 2216
800 1 1472 10000000000
801 1 1472 2128
802 1 1472 2128
803 1 1472 2128
804 1 1472 2128
805 1 1472 2128
806 1 1472 2128
807 1 1472 2128
808 1 1472 2128
809 1 1472 2128
810 1 1472 2128
811 1 1472 2128
812 1 1472 2128
813 1 1472 2128
814 1 1472 2128
815 1 1472 2128
816 1 1472 2128
817 1 1472 2128
818 1 1472 2128
819 1 1472 2128
820 1 1472 10000000000
821 1 1472 2040
822 1 1472 2040
823 1 1472 2040
824 1 1472 2040
825 1 1472 2040
826 1 1472 2040
827 1 1472 2040
828 1 1472 2040
829 1 1472 2040
830 1 1472 2040
831 1 1472 2040
832 1 1472 2040
833 1 1472 2040
834 1 1472 2040
835 1 1472 2040
836 1 1472 2040
837 1 1472 2040
838 1 1472 2040
839 1 1472 2040
840 1 1472 10000000000
841 1 1472 1960
842 1 1472 1960
843 1 1472 1960
844 1 1472 1960
845 1 1472 1960
846 1 1472 1960
847 1 1472 1960
848 1 1472 1960
849 1 1472 1960
850 1 1472 1960
851 1 1472 1960
852 1 1472 1960
853 1 1472 1960
854 1 1472 1960
855 1 1472 1960
856 1 1472 1960
857 1 1472 1960
858 1 1472 1960
859 1 1472 1960
860 1 1472 10000000000
861 1 1472 1880
862 1 1472 1880
863 1 1472 1880
864 1 1472 1880
865 1 1472 1880
866 1 1472 1880
867 1 1472 1880
868 1 1472 1880
869 1 1472 1880
870 1 1472 1880
871 1 1472 1880
872 1 1472 1880
873 1 1472 1880
874 1 1472 1880
875 1 1472 1880
876 1 1472 1880
877 1 1472 1880
878 1 1472 1880
879 1 1472 1880
880 1 1472 10000000000
881 1 1472 1808
882 1 1472 1808
883 1 1472 1808
884 1 1472 1808
885 1 1472 1808
886 1 1472 1808
887 1 1472 1808
888 1 1472 1808
889 1 1472 1808
890 1 1472 1808
891 1 1472 1808
892 1 1472 1808
893 1 1472 1808
894 1 1472 1808
895 1 1472 1808
896 1 1472 1808
897 1 1472 1808
898 1 1472 1808
899 1 1472 1808
900 1 1472 10000000000
901 1 1472 1736
902 1 1472 1736
903 1 1472 1736
904 1 1472 1736
905 1 1472 1736
906 1 1472 1736
907 1 1472 1736
908 1 1472 1736
909 1 1472 1736
910 1 1472 1736
911 1 1472 1736
912 1 1472 1736
913 1 1472 1736
914 1 1472 1736
915 1 1472 1736
916 1 1472 1736
917 1 1472 1736
918 1 1472 1736
919 1 1472 1736
920 1 1472 10000000000
921 1 1472 1668
922 1 1472 1668
923 1 1472 1668
924 1 1472 1668
925 1 1472 1668
926 1 1472 1668
927 1 1472 1668
928 1 1472 1668
929 1 1472 1668
930 1 1472 1668
931 1 1472 1668
932 1 1472 1668
933 1 1472 1668
934 1 1472 1668
935 1 1472 1668
936 1 1472 1668
937 1 1472 1668
938 1 1472 1668
939 1 1472 1668
940 1 1472 10000000000
941 1 1472 1600
942 1 1472 1600
943 1 1472 1600
944 1 1472 1600
945 1 1472 1600
946 1 1472 1600
947 1 1472 1600
948 1 1472 1600
949 1 1472 1600
950 1 1472 1600
951 1 1472 1600
952 1 1472 1600
953 1 1472 1600
954 1 1472 1600
955 1 1472 1600
956 1 1472 1600
957 1 1472 1600
958 1 1472 1600
959 1 1472 1600
960 1 1472 10000000000
961 1 1472 1540
962 1 1472 1540
963 1 1472 1540
964 1 1472 1540
965 1 1472 1540
966 1 1472 1540
967 1 1472 1540
968 1 1472 1540
969 1 1472 1540
970 1 1472 1540
971 1 1472 1540
972 1 1472 1540
973 1 1472 1540
974 1 1472 1540
975 1 1472 1540
976 1 1472 1540
977 1 1472 1540
978 1 1472 1540
979 1 1472 1540
980 1 1472 10000000000
981 1 1472 1480
982 1 1472 1480
983 1 1472 1480
984 1 1472 1480
985 1 1472 1480
986 1 1472 1480
987 1 1472 1480
988 1 1472 1480
989 1 1472 1480
990 1 1472 1480
991 1 1472 1480
992 1 1472 1480
993 1 1472 1480
994 1 1472 1480
995 1 1472 1480
996 1 1472 1480
997 1 1472 1480
998 1 1472 1480
999 1 1472 1480
1000 1 1472 10000000000
1001 1 1472 1420
1002 1 1472 1420
1003 1 1472 1420
1004 1 1472 1420
1005 1 1472 1420
1006 1 1472 1420
1007 1 1472 1420
1008 1 1472 1420
1009 1 1472 1420
1010 1 1472 1420
1011 1 1472 1420
1012 1 1472 1420
1013 1 1472 1420
1014 1 1472 1420
1015 1 1472 1420
1016 1 1472 1420
1017 1 1472 1420
1018 1 1472 1420
1019 1 1472 1420
1020 1 1472 10000000000
1021 1 1472 1364
1022 1 1472 1364
1023 1 1472 1364
1024 1 1472 1364
1025 1 1472 1364
1026 1 1472 1364
1027 1 1472 1364
1028 1 1472 1364
1029 1 1472 1364
1030 1 1472 1364
1031 1 1472 1364
1032 1 1472 1364
1033 1 1472 1364
1034 1 1472 1364
1035 1 1472 1364
1036 1 1472 1364
1037 1 1472 1364
1038 1 1472 1364
1039 1 1472 1364
1040 1 1472 10000000000
1041 1 1472 1312
1042 1 1472 1312
1043 1 1472 1312
1044 1 1472 1312
1045 1 1472 1312
1046 1 1472 1312
1047 1 1472 1312
1048 1 1472 1312
1049 1 1472 1312
1050 1 1472 1312
1051 1 1472 1312
1052 1 1472 1312
1053 1 1472 1312
1054 1 1472 1312
1055 1 1472 1312
1056 1 1472 1312
1057 1 1472 1312
1058 1 1472 1312
1059 1 1472 1312
1060 1 1472 10000000000
1061 1 1472 1260
1062 1 1472 1260
1063 1 1472 1260
1064 1 1472 1260
1065 1 1472 1260
1066 1 1472 1260
1067 1 1472 1260
1068 1 1472 1260
1069 1 1472 1260
1070 1 1472 1260
1071 1 1472 1260
1072 1 1472 1260
1073 1 1472 1260
1074 1 1472 1260
1075 1 1472 1260
1076 1 1472 1260
1077 1 1472 1260
1078 1 1472 1260
1079 1 1472 1260
1080 1 1472 10000000000
1081 1 1472 1208
1082 1 1472 1208
1083 1 1472 1208
1084 1 1472 1208
1085 1 1472 1208
1086 1 1472 1208
1087 1 1472 1208
1088 1 1472 1208
1089 1 1472 1208
1090 1 1472 1208
1091 1 1472 1208
1092 1 1472 1208
1093 1 1472 1208
1094 1 1472 1208
1095 1 1472 1208
1096 1 1472 1208
1097 1 1472 1208
1098 1 1472 1208
1099 1 1472 1208
1100 1 1472 10000000000
1101 1 1472 1160
1102 1 1472 1160
1103 1 1472 1160
1104 1 1472 1160
1105 1 1472 1160
1106 1 1472 1160
1107 1 1472 1160
1108 1 1472 1160
1109 1 1472 1160
1110 1 1472 1160
1111 1 1472 1160
1112 1 1472 1160
1113 1 1472 1160
1114 1 1472 1160
1115 1 1472 1160
1116 1 1472 1160
1117 1 1472 1160
1118 1 1472 1160
1119 1 1472 1160
1120 1 1472 10000000000
1121 1 1472 1116
1122 1 1472 1116
1123 1 1472 1116
1124 1 1472 1116
1125 1 1472 1116
1126 1 1472 1116
1127 1 1472 1116
1128 1 1472 1116
1129 1 1472 1116
1130 1 1472 1116
1131 1 1472 1116
1132 1 1472 1116
1133 1 1472 1116
1134 1 1472 1116
1135 1 1472 1116
1136 1 1472 1116
1137 1 1472 1116
1138 1 1472 1116
1139 1 1472 1116
1140 1 1472 10000000000
1141 1 1472 1068
1142 1 1472 1068
1143 1 1472 1068
1144 1 1472 1068
1145 1 1472 1068
1146 1 1472 1068
1147 1 1472 1068
1148 1 1472 1068
1149 1 1472 1068
1150 1 1472 1068
1151 1 1472 1068
1152 1 1472 1068
1153 1 1472 1068
1154 1 1472 1068
1155 1 1472 1068
1156 1 1472 1068
1157 1 1472 1068
1158 1 1472 1068
1159 1 1472 1068
1160 1 1472 10000000000
1161 1 1472 1028
1162 1 1472 1028
1163 1 1472 1028
1164 1 1472 1028
1165 1 1472 1028
1166 1 1472 1028
1167 1 1472 1028
1168 1 1472 1028
1169 1 1472 1028
1170 1 1472 1028
1171 1 1472 1028
1172 1 1472 1028
1173 1 1472 1028
1174 1 1472 1028
1175 1 1472 1028
1176 1 1472 1028
1177 1 1472 1028
1178 1 1472 1028
1179 1 1472 1028
1180 1 1472 10000000000
1181 1 1472 984
1182 1 1472 984
1183 1 1472 984
1184 1 1472 984
1185 1 1472 984
1186 1 1472 984
1187 1 1472 984
1188 1 1472 984
1189 1 1472 984
1190 1 1472 984
1191 1 1472 984
1192 1 1472 984
1193 1 1472 984
1194 1 1472 984
1195 1 1472 984
1196 1 1472 984
1197 1 1472 984
1198 1 1472 984
1199 1 1472 984
1200 1 1472 10000000000
1201 1 1472 944
1202 1 1472 944
1203 1 1472 944
1204 1 1472 944
1205 1 1472 944
1206 1 1472 944
1207 1 1472 944
1208 1 1472 944
1209 1 1472 944
1210 1 1472 944
1211 1 1472 944
1212 1 1472 944
1213 1 1472 944
1214 1 1472 944
1215 1 1472 944
1216 1 1472 944
1217 1 1472 944
1218 1 1472 944
1219 1 1472 944
1220 1 1472 10000000000
1221 1 1472 904
1222 1 1472 904
1223 1 1472 904
1224 1 1472 904
1225 1 1472 904
1226 1 1472 904
1227 1 1472 904
1228 1 1472 904
1229 1 1472 904
1230 1 1472 904
1231 1 1472 904
1232 1 1472 904
1233 1 1472 904
1234 1 1472 904
1235 1 1472 904
1236 1 1472 904
1237 1 1472 904
1238 1 1472 904
1239 1 1472 904
1240 1 1472 10000000000
1241 1 1472 868
1242 1 1472 868
1243 1 1472 868
1244 1 1472 868
1245 1 1472 868
1246 1 1472 868
1247 1 1472 868
1248 1 1472 868
1249 1 1472 868
1250 1 1472 868
1251 1 1472 868
1252 1 1472 868
1253 1 1472 868
1254 1 1472 868
1255 1 1472 868
1256 1 1472 868
1257 1 1472 868
1258 1 1472 868
1259 1 1472 868
1260 1 1472 10000000000
1261 1 1472 832
1262 1 1472 832
1263 1 1472 832
1264 1 1472 832
1265 1 1472 832
1266 1 1472 832
1267 1 1472 832
1268 1 1472 832
1269 1 1472 832
1270 1 1472 832
1271 1 1472 832
1272 1 1472 832
1273 1 1472 832
1274 1 1472 832
1275 1 1472 832
1276 1 1472 832
1277 1 1472 832
1278 1 1472 832
1279 1 1472 832
1280 1 1472 10000000000
1281 1 1472 796
1282 1 1472 796
1283 1 1472 796
1284 1 1472 796
1285 1 1472 796
1286 1 1472 796
1287 1 1472 796
1288 1 1472 796
1289 1 1472 796
1290 1 1472 796
1291 1 1472 796
1292 1 1472 796
1293 1 1472 796
1294 1 1472 796
1295 1 1472 796
1296 1 1472 796
1297 1 1472 796
1298 1 1472 796
1299 1 1472 796
1300 1 1472 10000000000
1301 1 1472 760
1302 1 1472 760
1303 1 1472 760
1304 1 1472 760
1305 1 1472 760
1306 1 1472 760
1307 1 1472 760
1308 1 1472 760
1309 1 1472 760
1310 1 1472 760
1311 1 1472 760
1312 1 1472 760
1313 1 1472 760
1314 1 1472 760
1315 1 1472 760
1316 1 1472 760
1317 1 1472 760
1318 1 1472 760
1319 1 1472 760
1320 1 1472 10000000000
1321 1 1472 728
1322 1 1472 728
1323 1 1472 728
1324 1 1472 728
1325 1 1472 728
1326 1 1472 728
1327 1 1472 728
1328 1 1472 728
1329 1 1472 728
1330 1 1472 728
1331 1 1472 728
1332 1 1472 728
1333 1 1472 728
1334 1 1472 728
1335 1 1472 728
1336 1 1472 728
1337 1 1472 728
1338 1 1472 728
1339 1 1472 728
1340 1 1472 10000000000
1341 1 1472 696
1342 1 1472 696
1343 1 1472 696
1344 1 1472 696
1345 1 1472 696
1346 1 1472 696
1347 1 1472 696
1348 1 1472 696
1349 1 1472 696
1350 1 1472 696
1351 1 1472 696
1352 1 1472 696
1353 1 1472 696
1354 1 1472 696
1355 1 1472 696
1356 1 1472 696
1357 1 1472 696
1358 1 1472 696
1359 1 1472 696
1360 1 1472 10000000000
1361 1 1472 664
1362 1 1472 664
1363 1 1472 664
1364 1 1472 664
1365 1 1472 664
1366 1 1472 664
1367 1 1472 664
1368 1 1472 664
1369 1 1472 664
1370 1 1472 664
1371 1 1472 664
1372 1 1472 664
1373 1 1472 664
1374 1 1472 664
1375 1 1472 664
1376 1 1472 664
1377 1 1472 664
1378 1 1472 664
1379 1 1472 664
1380 1 1472 10000000000
1381 1 1472 632
1382 1 1472 632
1383 1 1472 632
1384 1 1472 632
1385 1 1472 632
1386 1 1472 632
1387 1 1472 632
1388 1 1472 632
1389 1 1472 632
1390 1 1472 632
1391 1 1472 632
1392 1 1472 632
1393 1 1472 632
1394 1 1472 632
1395 1 1472 632
1396 1 1472 632
1397 1 1472 632
1398 1 1472 632
1399 1 1472 632
1400 1 1472 10000000000
1401 1 1472 604
1402 1 1472 604
1403 1 1472 604
1404 1 1472 604
1405 1 1472 604
1406 1 1472 604
1407 1 1472 604
1408 1 1472 604
1409 1 1472 604
1410 1 1472 604
1411 1 1472 604
1412 1 1472 604
1413 1 1472 604
1414 1 1472 604
1415 1 1472 604
1416 1 1472 604
1417 1 1472 604
1418 1 1472 604
1419 1 1472 604
1420 1 1472 10000000000
1421 1 1472 572
1422 1 1472 572
1423 1 1472 572
1424 1 1472 572
1425 1 1472 572
1426 1 1472 572
1427 1 1472 572
1428 1 1472 572
1429 1 1472 572
1430 1 1472 572
1431 1 1472 572
1432 1 1472 572
1433 1 1472 572
1434 1 1472 572
1435 1 1472 572
1436 1 1472 572
1437 1 1472 572
1438 1 1472 572
1439 1 1472 572
1440 1 1472 10000000000
1441 1 1472 544
1442 1 1472 544
1443 1 1472 544
1444 1 1472 544
1445 1 1472 544
1446 1 1472 544
1447 1 1472 544
1448 1 1472 544
1449 1 1472 544
1450 1 1472 544
1451 1 1472 544
1452 1 1472 544
1453 1 1472 544
1454 1 1472 544
1455 1 1472 544
1456 1 1472 544
1457 1 1472 544
1458 1 1472 544
1459 1 1472 544
1460 1 1472 10000000000
1461 1 1472 520
1462 1 1472 520
1463 1 1472 520
1464 1 1472 520
1465 1 1472 520
1466 1 1472 520
1467 1 1472 520
1468 1 1472 520
1469 1 1472 520
1470 1 1472 520
1471 1 1472 520
1472 1 1472 520
1473 1 1472 520
1474 1 1472 520
1475 1 1472 520
1476 1 1472 520
1477 1 1472 520
1478 1 1472 520
1479 1 1472 520
1480 1 1472 10000000000
1481 1 1472 492
1482 1 1472 492
1483 1 1472 492
1484 1 1472 492
1485 1 1472 492
1486 1 1472 492
1487 1 1472 492
1488 1 1472 492
1489 1 1472 492
1490 1 1472 492
1491 1 1472 492
1492 1 1472 492
1493 1 1472 492
1494 1 1472 492
1495 1 1472 492
1496 1 1472 492
1497 1 1472 492
1498 1 1472 492
1499 1 1472 492
1500 1 1472 10000000000
1501 1 1472 464
1502 1 1472 464
1503 1 1472 464
1504 1 1472 464
1505 1 1472 464
1506 1 1472 464
1507 1 1472 464
1508 1 1472 464
1509 1 1472 464
1510 1 1472 464
1511 1 1472 464
1512 1 1472 464
1513 1 1472 464
1514 1 1472 464
1515 1 1472 464
1516 1 1472 464
1517 1 1472 464
1518 1 1472 464
1519 1 1472 464
1520 1 1472 10000000000
1521 1 1472 440
1522 1 1472 440
1523 1 1472 440
1524 1 1472 440
1525 1 1472 440
1526 1 1472 440
1527 1 1472 440
1528 1 1472 440
1529 1 1472 440
1530 1 1472 440
1531 1 1472 440
1532 1 1472 440
1533 1 1472 440
1534 1 1472 440
1535 1 1472 440
1536 1 1472 440
1537 1 1472 440
1538 1 1472 440
1539 1 1472 440
1540 1 1472 10000000000
1541 1 1472 416
1542 1 1472 416
1543 1 1472 416
1544 1 1472 416
1545 1 1472 416
1546 1 1472 416
1547 1 1472 416
1548 1 1472 416
1549 1 1472 416
1550 1 1472 416
1551 1 1472 416
1552 1 1472 416
1553 1 1472 416
1554 1 1472 416
1555 1 1472 416
1556 1 1472 416
1557 1 1472 416
1558 1 1472 416
1559 1 1472 416
1560 1 1472 10000000000
1561 1 1472 392
1562 1 1472 392
1563 1 1472 392
1564 1 1472 392
1565 1 1472 392
1566 1 1472 392
1567 1 1472 392
1568 1 1472 392
1569 1 1472 392
1570 1 1472 392
1571 1 1472 392
1572 1 1472 392
1573 1 1472 392
1574 1 1472 392
1575 1 1472 392
1576 1 1472 392
1577 1 1472 392
1578 1 1472 392
1579 1 1472 392
1580 1 1472 10000000000
1581 1 1472 368
1582 1 1472 368
1583 1 1472 368
1584 1 1472 368
1585 1 1472 368
1586 1 1472 368
1587 1 1472 368
1588 1 1472 368
1589 1 1472 368
1590 1 1472 368
1591 1 1472 368
1592 1 1472 368
1593 1 1472 368
1594 1 1472 368
1595 1 1472 368
1596 1 1472 368
1597 1 1472 368
1598 1 1472 368
1599 1 1472 368
1600 1 1472 10000000000
1601 1 1472 344
1602 1 1472 344
1603 1 1472 344
1604 1 1472 344
1605 1 1472 344
1606 1 1472 344
1607 1 1472 344
1608 1 1472 344
1609 1 1472 344
1610 1 1472 344
1611 1 1472 344
1612 1 1472 344
1613 1 1472 344
1614 1 1472 344
1615 1 1472 344
1616 1 1472 344
1617 1 1472 344
1618 1 1472 344
1619 1 1472 344
1620 1 1472 10000000000
1621 1 1472 324
1622 1 1472 324
1623 1 1472 324
1624 1 1472 324
1625 1 1472 324
1626 1 1472 324
1627 1 1472 324
1628 1 1472 324
1629 1 1472 324
1630 1 1472 324
1631 1 1472 324
1632 1 1472 324
1633 1 1472 324
1634 1 1472 324
1635 1 1472 324
1636 1 1472 324
1637 1 1472 324
1638 1 1472 324
1639 1 1472 324
1640 1 1472 10000000000
1641 1 1472 300
1642 1 1472 300
1643 1 1472 300
1644 1 1472 300
1645 1 1472 300
1646 1 1472 300
1647 1 1472 300
1648 1 1472 300
1649 1 1472 300
1650 1 1472 300
1651 1 1472 300
1652 1 1472 300
1653 1 1472 300
1654 1 1472 300
1655 1 1472 300
1656 1 1472 300
1657 1 1472 300
1658 1 1472 300
1659 1 1472 300
1660 1 1472 10000000000
1661 1 1472 280
1662 1 1472 280
1663 1 1472 280
1664 1 1472 280
1665 1 1472 280
1666 1 1472 280
1667 1 1472 280
1668 1 1472 280
1669 1 1472 280
1670 1 1472 280
1671 1 1472 280
1672 1 1472 280
1673 1 1472 280
1674 1 1472 280
1675 1 1472 280
1676 1 1472 280
1677 1 1472 280
1678 1 1472 280
1679 1 1472 280
1680 1 1472 10000000000
1681 1 1472 260
1682 1 1472 260
1683 1 1472 260
1684 1 1472 260
1685 1 1472 260
1686 1 1472 260
1687 1 1472 260
1688 1 1472 260
1689 1 1472 260
1690 1 1472 260
1691 1 1472 260
1692 1 1472 260
1693 1 1472 260
1694 1 1472 260
1695 1 1472 260
1696 1 1472 260
1697 1 1472 260
1698 1 1472 260
1699 1 1472 260
1700 1 1472 10000000000
1701 1 1472 240
1702 1 1472 240
1703 1 1472 240
1704 1 1472 240
1705 1 1472 240
1706 1 1472 240
1707 1 1472 240
1708 1 1472 240
1709 1 1472 240
1710 1 1472 240
1711 1 1472 240
1712 1 1472 240
1713 1 1472 240
1714 1 1472 240
1715 1 1472 240
1716 1 1472 240
1717 1 1472 240
1718 1 1472 240
1719 1 1472 240
1720 1 1472 10000000000
1721 1 1472 220
1722 1 1472 220
1723 1 1472 220
1724 1 1472 220
1725 1 1472 220
1726 1 1472 220
1727 1 1472 220
1728 1 1472 220
1729 1 1472 220
1730 1 1472 220
1731 1 1472 220
1732 1 1472 220
1733 1 1472 220
1734 1 1472 220
1735 1 1472 220
1736 1 1472 220
1737 1 1472 220
1738 1 1472 220
1739 1 1472 220
1740 1 1472 10000000000
1741 1 1472 200
1742 1 1472 200
1743 1 1472 200
1744 1 1472 200
1745 1 1472 200
1746 1 1472 200
1747 1 1472 200
1748 1 1472 200
1749 1 1472 200
1750 1 1472 200
1751 1 1472 200
1752 1 1472 200
1753 1 1472 200
1754 1 1472 200
1755 1 1472 200
1756 1 1472 200
1757 1 1472 200
1758 1 1472 200
1759 1 1472 200
1760 1 1472 10000000000
1761 1 1472 180
1762 1 1472 180
1763 1 1472 180
1764 1 1472 180
1765 1 1472 180
1766 1 1472 180
1767 1 1472 180
1768 1 1472 180
1769 1 1472 180
1770 1 1472 180
1771 1 1472 180
1772 1 1472 180
1773 1 1472 180
1774 1 1472 180
1775 1 1472 180
1776 1 1472 180
1777 1 1472 180
1778 1 1472 180
1779 1 1472 180
1780 1 1472 10000000000
1781 1 1472 164
1782 1 1472 164
1783 1 1472 164
1784 1 1472 164
1785 1 1472 164
1786 1 1472 164
1787 1 1472 164
1788 1 1472 164
1789 1 1472 164
1790 1 1472 164
1791 1 1472 164
1792 1 1472 164
1793 1 1472 164
1794 1 1472 164
1795 1 1472 164
1796 1 1472 164
1797 1 1472 164
1798 1 1472 164
1799 1 1472 164
1800 1 1472 10000000000
1801 1 1472 144
1802 1 1472 144
1803 1 1472 144
1804 1 1472 144
1805 1 1472 144
1806 1 1472 144
1807 1 1472 144
1808 1 1472 144
1809 1 1472 144
1810 1 1472 144
1811 1 1472 144
1812 1 1472 144
1813 1 1472 144
1814 1 1472 144
1815 1 1472 144
1816 1 1472 144
1817 1 1472 144
1818 1 1472 144
1819 1 1472 144
1820 1 1472 10000000000
1821 1 1472 128
1822 1 1472 128
1823 1 1472 128
1824 1 1472 128
1825 1 1472 128
1826 1 1472 128
1827 1 1472 128
1828 1 1472 128
1829 1 1472 128
1830 1 1472 128
1831 1 1472 128
1832 1 1472 128
1833 1 1472 128
1834 1 1472 128
1835 1 1472 128
1836 1 1472 128
1837 1 1472 128
1838 1 1472 128
1839 1 1472 128
1840 1 1472 10000000000
1841 1 1472 108
1842 1 1472 108
1843 1 1472 108
1844 1 1472 108
1845 1 1472 108
1846 1 1472 108
1847 1 1472 108
1848 1 1472 108
1849 1 1472 108
1850 1 1472 108
1851 1 1472 108
1852 1 1472 108
1853 1 1472 108
1854 1 1472 108
1855 1 1472 108
1856 1 1472 108
1857 1 1472 108
1858 1 1472 108
1859 1 1472 108
1860 1 1472 10000000000
1861 1 1472 92
1862 1 1472 92
1863 1 1472 92
1864 1 1472 92
1865 1 1472 92
1866 1 1472 92
1867 1 1472 92
1868 1 1472 92
1869 1 1472 92
1870 1 1472 92
1871 1 1472 92
1872 1 1472 92
1873 1 1472 92
1874 1 1472 92
1875 1 1472 92
1876 1 1472 92
1877 1 1472 92
1878 1 1472 92
1879 1 1472 92
1880 1 1472 10000000000
1881 1 1472 76
1882 1 1472 76
1883 1 1472 76
1884 1 1472 76
1885 1 1472 76
1886 1 1472 76
1887 1 1472 76
1888 1 1472 76
1889 1 1472 76
1890 1 1472 76
1891 1 1472 76
1892 1 1472 76
1893 1 1472 76
1894 1 1472 76
1895 1 1472 76
1896 1 1472 76
1897 1 1472 76
1898 1 1472 76
1899 1 1472 76
1900 1 1472 10000000000
1901 1 1472 60
1902 1 1472 60
1903 1 1472 60
1904 1 1472 60
1905 1 1472 60
1906 1 1472 60
1907 1 1472 60
1908 1 1472 60
1909 1 1472 60
1910 1 1472 60
1911 1 1472 60
1912 1 1472 60
1913 1 1472 60
1914 1 1472 60
1915 1 1472 60
1916 1 1472 60
1917 1 1472 60
1918 1 1472 60
1919 1 1472 60
